[gd_scene load_steps=44 format=3 uid="uid://bb7m2rw06emdx"]

[ext_resource type="Script" uid="uid://ck78o8i26mlcw" path="res://scripts/tree.gd" id="1_0wfyh"]
[ext_resource type="Script" uid="uid://ewvq7sqp0mes" path="res://scripts/main.gd" id="1_muem4"]
[ext_resource type="PackedScene" uid="uid://c4n2e14jc44lm" path="res://prefabs/stump_3.tscn" id="1_o5qli"]
[ext_resource type="Script" uid="uid://bwk04q8vx3wfd" path="res://scripts/parameters.gd" id="2_dp3eg"]
[ext_resource type="PackedScene" uid="uid://djo8u7v67c470" path="res://prefabs/stump_1.tscn" id="2_jkv2x"]
[ext_resource type="Script" uid="uid://cpt3ruiu37ofl" path="res://scripts/daytime_rotator.gd" id="2_y6deb"]
[ext_resource type="Script" uid="uid://bdy2ugigvwukk" path="res://scripts/stats.gd" id="3_gqmmt"]
[ext_resource type="PackedScene" uid="uid://cka13oun4dy67" path="res://prefabs/stump_2.tscn" id="3_jbj1t"]
[ext_resource type="Script" uid="uid://d06mxg3ioqxoq" path="res://scripts/daytime_animation.gd" id="3_og1vs"]
[ext_resource type="Script" uid="uid://ctjvw4xo7s8ui" path="res://scripts/cards.gd" id="4_yc10j"]
[ext_resource type="PackedScene" uid="uid://bnt3ngxfcndaw" path="res://prefabs/branch_1.tscn" id="5_muem4"]
[ext_resource type="PackedScene" uid="uid://coh2ohqj4pdbt" path="res://prefabs/branch_2.tscn" id="6_dp3eg"]
[ext_resource type="PackedScene" uid="uid://crlofm1hgg0cc" path="res://prefabs/ui_card_2.tscn" id="6_jscy8"]
[ext_resource type="PackedScene" uid="uid://kgp4f1m34n2t" path="res://prefabs/branch_3.tscn" id="7_0ld40"]
[ext_resource type="PackedScene" uid="uid://3pdgkh8v6dlb" path="res://prefabs/branch_4.tscn" id="8_gqmmt"]
[ext_resource type="PackedScene" uid="uid://bebgrdderbbep" path="res://prefabs/branch_5.tscn" id="9_yc10j"]
[ext_resource type="PackedScene" uid="uid://dbqmnosmwlwrv" path="res://prefabs/branch_6.tscn" id="10_jscy8"]
[ext_resource type="PackedScene" uid="uid://i7sw0cp5moo8" path="res://prefabs/branch_7.tscn" id="11_pm3ni"]
[ext_resource type="PackedScene" uid="uid://b7i71oh263k7d" path="res://prefabs/branch_8.tscn" id="12_y6deb"]
[ext_resource type="PackedScene" uid="uid://6jw82booy7nx" path="res://prefabs/branch_9.tscn" id="13_og1vs"]
[ext_resource type="PackedScene" uid="uid://witndceekd8y" path="res://prefabs/branch_10.tscn" id="14_2wyq8"]
[ext_resource type="PackedScene" uid="uid://d0p80on5l55d1" path="res://prefabs/ui_parameter.tscn" id="17_dp3eg"]
[ext_resource type="Script" uid="uid://4jkiu32j3a8p" path="res://scripts/connector.gd" id="17_muem4"]
[ext_resource type="PackedScene" uid="uid://couusae3a5or8" path="res://prefabs/ui_card_1.tscn" id="20_gqmmt"]
[ext_resource type="PackedScene" uid="uid://dvknk446o5hw3" path="res://prefabs/leaf_cluster_1.tscn" id="23_2wyq8"]
[ext_resource type="Script" uid="uid://dw6h3p0rj8iau" path="res://scripts/ui_stats_text.gd" id="23_pm3ni"]
[ext_resource type="Script" uid="uid://ceo5p8u1oc2jh" path="res://scripts/tree_part.gd" id="24_2f3dj"]
[ext_resource type="Script" uid="uid://b1wsaknt8lgf3" path="res://scripts/leaf_cluster_connector.gd" id="26_2f3dj"]

[sub_resource type="ProceduralSkyMaterial" id="ProceduralSkyMaterial_jbj1t"]
sky_top_color = Color(0.581293, 0.913401, 0.941485, 1)
sky_horizon_color = Color(0.738593, 0.891657, 0.892836, 1)
ground_bottom_color = Color(0.951609, 0.932474, 0.895961, 1)
ground_horizon_color = Color(0.737255, 0.890196, 0.894118, 1)
ground_curve = 0.0887659

[sub_resource type="Sky" id="Sky_muem4"]
sky_material = SubResource("ProceduralSkyMaterial_jbj1t")

[sub_resource type="Environment" id="Environment_dp3eg"]
background_mode = 2
sky = SubResource("Sky_muem4")
tonemap_mode = 2

[sub_resource type="Animation" id="Animation_yq6so"]
length = 0.001
tracks/0/type = "value"
tracks/0/imported = false
tracks/0/enabled = true
tracks/0/path = NodePath(".:environment:sky:sky_material:sky_top_color")
tracks/0/interp = 1
tracks/0/loop_wrap = true
tracks/0/keys = {
"times": PackedFloat32Array(0),
"transitions": PackedFloat32Array(1),
"update": 0,
"values": [Color(0.581293, 0.913401, 0.941485, 1)]
}
tracks/1/type = "value"
tracks/1/imported = false
tracks/1/enabled = true
tracks/1/path = NodePath(".:environment:sky:sky_material:sky_horizon_color")
tracks/1/interp = 1
tracks/1/loop_wrap = true
tracks/1/keys = {
"times": PackedFloat32Array(0),
"transitions": PackedFloat32Array(1),
"update": 0,
"values": [Color(0.738593, 0.891657, 0.892836, 1)]
}
tracks/2/type = "value"
tracks/2/imported = false
tracks/2/enabled = true
tracks/2/path = NodePath(".:environment:sky:sky_material:ground_bottom_color")
tracks/2/interp = 1
tracks/2/loop_wrap = true
tracks/2/keys = {
"times": PackedFloat32Array(0),
"transitions": PackedFloat32Array(1),
"update": 0,
"values": [Color(0.951609, 0.932474, 0.895961, 1)]
}
tracks/3/type = "value"
tracks/3/imported = false
tracks/3/enabled = true
tracks/3/path = NodePath(".:environment:sky:sky_material:ground_horizon_color")
tracks/3/interp = 1
tracks/3/loop_wrap = true
tracks/3/keys = {
"times": PackedFloat32Array(0),
"transitions": PackedFloat32Array(1),
"update": 0,
"values": [Color(0.737255, 0.890196, 0.894118, 1)]
}

[sub_resource type="Animation" id="Animation_2f3dj"]
resource_name = "normal"
length = 24.0
loop_mode = 1
tracks/0/type = "value"
tracks/0/imported = false
tracks/0/enabled = true
tracks/0/path = NodePath(".:environment:sky:sky_material:sky_top_color")
tracks/0/interp = 1
tracks/0/loop_wrap = true
tracks/0/keys = {
"times": PackedFloat32Array(0, 2.77476, 5.5093, 11.8333, 16.7333, 20.4333, 22.3667),
"transitions": PackedFloat32Array(-2, -2, 1, -2, -2, -2, -2),
"update": 0,
"values": [Color(0, 0, 0, 1), Color(0.0139082, 0.0599201, 0.1339, 1), Color(0.407221, 0.775416, 0.811108, 1), Color(0.581293, 0.913401, 0.941485, 1), Color(0.407221, 0.775416, 0.811108, 1), Color(0.175384, 0.00173365, 0.0371237, 1), Color(0.0941073, 0.00155532, 0.0274463, 1)]
}
tracks/1/type = "value"
tracks/1/imported = false
tracks/1/enabled = true
tracks/1/path = NodePath(".:environment:sky:sky_material:sky_horizon_color")
tracks/1/interp = 1
tracks/1/loop_wrap = true
tracks/1/keys = {
"times": PackedFloat32Array(0, 2.77476, 5.54951, 11.7827, 16.7667, 20.4333, 22.1333),
"transitions": PackedFloat32Array(-2, -2, -2, -2, -2, -2, -2),
"update": 0,
"values": [Color(0.0389749, 0.121329, 0.234701, 1), Color(0.113725, 0.258824, 0.458824, 1), Color(0.403922, 0.760784, 0.8, 1), Color(0.738593, 0.891657, 0.892836, 1), Color(0.403922, 0.760784, 0.8, 1), Color(0.83098, 0.055085, 0.326412, 1), Color(0.278899, 0.114342, 0.27434, 1)]
}
tracks/2/type = "value"
tracks/2/imported = false
tracks/2/enabled = true
tracks/2/path = NodePath(".:environment:sky:sky_material:ground_bottom_color")
tracks/2/interp = 1
tracks/2/loop_wrap = true
tracks/2/keys = {
"times": PackedFloat32Array(0, 2.77476, 11.7827, 16.8667, 20.5, 23.1333),
"transitions": PackedFloat32Array(-2, -2, -2, -2, -2, -2),
"update": 0,
"values": [Color(0.498434, 0.612416, 0.559689, 1), Color(0.611311, 0.842303, 0.758661, 1), Color(0.951609, 0.932474, 0.895961, 1), Color(0.611311, 0.842303, 0.758661, 1), Color(0.852735, 0.559755, 0.607766, 1), Color(0.611779, 0.595569, 0.575069, 1)]
}
tracks/3/type = "value"
tracks/3/imported = false
tracks/3/enabled = true
tracks/3/path = NodePath(".:environment:sky:sky_material:ground_horizon_color")
tracks/3/interp = 1
tracks/3/loop_wrap = true
tracks/3/keys = {
"times": PackedFloat32Array(0, 2.77476, 5.54951, 11.7827, 16.7667, 20.4333, 22.1333),
"transitions": PackedFloat32Array(-2, -2, -2, -2, -2, -2, -2),
"update": 0,
"values": [Color(0.0392157, 0.121569, 0.235294, 1), Color(0.113725, 0.258824, 0.458824, 1), Color(0.403369, 0.761889, 0.801823, 1), Color(0.737255, 0.890196, 0.894118, 1), Color(0.403922, 0.760784, 0.8, 1), Color(0.831373, 0.054902, 0.32549, 1), Color(0.279625, 0.11432, 0.275161, 1)]
}

[sub_resource type="AnimationLibrary" id="AnimationLibrary_yq6so"]
_data = {
&"RESET": SubResource("Animation_yq6so"),
&"normal": SubResource("Animation_2f3dj")
}

[sub_resource type="Animation" id="Animation_vxglm"]
length = 0.001
tracks/0/type = "value"
tracks/0/imported = false
tracks/0/enabled = true
tracks/0/path = NodePath(".:light_energy")
tracks/0/interp = 1
tracks/0/loop_wrap = true
tracks/0/keys = {
"times": PackedFloat32Array(0),
"transitions": PackedFloat32Array(1),
"update": 0,
"values": [1.00021]
}
tracks/1/type = "value"
tracks/1/imported = false
tracks/1/enabled = true
tracks/1/path = NodePath(".:light_color")
tracks/1/interp = 1
tracks/1/loop_wrap = true
tracks/1/keys = {
"times": PackedFloat32Array(0),
"transitions": PackedFloat32Array(1),
"update": 0,
"values": [Color(0.886725, 0.843523, 0.758978, 1)]
}

[sub_resource type="Animation" id="Animation_2wyq8"]
resource_name = "normal"
length = 24.0
loop_mode = 1
tracks/0/type = "value"
tracks/0/imported = false
tracks/0/enabled = true
tracks/0/path = NodePath(".:light_energy")
tracks/0/interp = 1
tracks/0/loop_wrap = true
tracks/0/keys = {
"times": PackedFloat32Array(0, 1.8, 9.4, 13.0667, 19.4333),
"transitions": PackedFloat32Array(-2, -2, -2, -2, -2),
"update": 0,
"values": [0.1, 0.1, 1.00021, 1.0, 0.7]
}
tracks/1/type = "value"
tracks/1/imported = false
tracks/1/enabled = true
tracks/1/path = NodePath(".:light_color")
tracks/1/interp = 1
tracks/1/loop_wrap = true
tracks/1/keys = {
"times": PackedFloat32Array(2.09112, 12.9489, 18.3667, 20.4, 23.686),
"transitions": PackedFloat32Array(-2, -2, -2, -2, -2),
"update": 0,
"values": [Color(0.948229, 0.844186, 0.697489, 1), Color(0.886725, 0.843523, 0.758978, 1), Color(0.965103, 0.62643, 0.692171, 1), Color(0.955875, 0.289043, 0.42064, 1), Color(0.0163219, 0.276853, 0.484978, 1)]
}

[sub_resource type="AnimationLibrary" id="AnimationLibrary_vxglm"]
_data = {
&"RESET": SubResource("Animation_vxglm"),
&"normal": SubResource("Animation_2wyq8")
}

[sub_resource type="Animation" id="Animation_og1vs"]
length = 0.001
tracks/0/type = "value"
tracks/0/imported = false
tracks/0/enabled = true
tracks/0/path = NodePath(".:light_energy")
tracks/0/interp = 1
tracks/0/loop_wrap = true
tracks/0/keys = {
"times": PackedFloat32Array(0),
"transitions": PackedFloat32Array(1),
"update": 0,
"values": [1.0]
}

[sub_resource type="Animation" id="Animation_y6deb"]
resource_name = "normal"
length = 24.0
loop_mode = 1
tracks/0/type = "value"
tracks/0/imported = false
tracks/0/enabled = true
tracks/0/path = NodePath(".:light_energy")
tracks/0/interp = 2
tracks/0/loop_wrap = true
tracks/0/keys = {
"times": PackedFloat32Array(0.0999999, 8.03333, 16.0333, 23),
"transitions": PackedFloat32Array(-2, -2, -2, -2),
"update": 0,
"values": [1.0, 0.0, -0.388448, 1.0]
}

[sub_resource type="AnimationLibrary" id="AnimationLibrary_og1vs"]
_data = {
&"RESET": SubResource("Animation_og1vs"),
&"normal": SubResource("Animation_y6deb")
}

[sub_resource type="Curve" id="Curve_y6deb"]
_limits = [0.0, 1.0, 0.0, 24.0]
_data = [Vector2(0, 0.11236), 0.0, 0.0, 0, 0, Vector2(2.7541, 0.191011), 0.0524851, 0.0524851, 0, 0, Vector2(5.80328, 0.573034), 0.21089, 0.21089, 0, 0, Vector2(12, 1), 0.0, 0.0, 0, 0, Vector2(18.1967, 0.662921), -0.185627, -0.185627, 0, 0, Vector2(21.0492, 0.191011), -0.0428371, -0.0428371, 0, 0, Vector2(24, 0.11236), 0.0, 0.0, 0, 0]
point_count = 7

[sub_resource type="Curve" id="Curve_jkv2x"]
_data = [Vector2(0, 0), 0.0, 1.4, 0, 0, Vector2(0.292553, 0.651685), 1.1522, 1.1522, 0, 0, Vector2(1, 1), 0.0, 0.0, 0, 0]
point_count = 3

[sub_resource type="StyleBoxFlat" id="StyleBoxFlat_muem4"]
bg_color = Color(1, 1, 1, 1)

[node name="main" type="Node3D" groups=["main"]]
script = ExtResource("1_muem4")
seconds_per_day = 24.0
hours = null

[node name="env" type="WorldEnvironment" parent="."]
environment = SubResource("Environment_dp3eg")

[node name="env_anim" type="AnimationPlayer" parent="env"]
libraries = {
&"": SubResource("AnimationLibrary_yq6so")
}
script = ExtResource("3_og1vs")

[node name="pivot" type="Node3D" parent="."]
transform = Transform3D(-0.729721, 0.683745, 6.37942e-08, 0.683745, 0.729721, -5.97749e-08, -8.74228e-08, 0, -1, 0, 0, 0)

[node name="directional_light" type="Node3D" parent="pivot"]
script = ExtResource("2_y6deb")

[node name="sun" type="DirectionalLight3D" parent="pivot/directional_light"]
transform = Transform3D(-0.467453, 0.62784, -0.622339, -0.873944, -0.222233, 0.432242, 0.133075, 0.745942, 0.652581, 0, 0, 0)
light_color = Color(0.886725, 0.843523, 0.758978, 1)
light_energy = 1.00021
shadow_enabled = true

[node name="sun_anim" type="AnimationPlayer" parent="pivot/directional_light/sun"]
libraries = {
&"": SubResource("AnimationLibrary_vxglm")
}
script = ExtResource("3_og1vs")

[node name="moon" type="DirectionalLight3D" parent="pivot/directional_light"]
transform = Transform3D(-0.225234, 0.2827, 0.932389, -0.439117, 0.824819, -0.356161, -0.869739, -0.489647, -0.0616391, 0, 0, 0)
light_color = Color(0.0925025, 0.238244, 0.378248, 1)
shadow_enabled = true

[node name="moon_anim" type="AnimationPlayer" parent="pivot/directional_light/moon"]
libraries = {
&"": SubResource("AnimationLibrary_og1vs")
}
script = ExtResource("3_og1vs")

[node name="camera" type="Camera3D" parent="."]
transform = Transform3D(0.996195, 0, -0.0871557, 0, 1, 0, 0.0871557, 0, 0.996195, 0, 5.46399, 44.5492)
fov = 20.0

[node name="parameters" type="Node3D" parent="." node_paths=PackedStringArray("sun_ui_parameter", "wind_ui_parameter", "water_ui_parameter")]
script = ExtResource("2_dp3eg")
sun_ui_parameter = NodePath("../ui/panel/container/parameter_panel/parameter_container/parameter_sun")
wind_ui_parameter = NodePath("../ui/panel/container/parameter_panel/parameter_container/parameter_wind")
water_ui_parameter = NodePath("../ui/panel/container/parameter_panel/parameter_container/parameter_water")
sun_amount_day_curve = SubResource("Curve_y6deb")

[node name="stats" type="Node3D" parent="." node_paths=PackedStringArray("stats_text")]
script = ExtResource("3_gqmmt")
stats_text = NodePath("../ui/panel/container/stats/margin/container/stats_text")

[node name="cards" type="Node3D" parent="." node_paths=PackedStringArray("cards_container")]
script = ExtResource("4_yc10j")
cards_container = NodePath("../ui/panel/container/card_panel/margin/card_panel/container")
cards = Array[PackedScene]([ExtResource("20_gqmmt"), ExtResource("6_jscy8")])

[node name="tree" type="Node3D" parent="." node_paths=PackedStringArray("main") groups=["tree"]]
script = ExtResource("1_0wfyh")
main = NodePath("..")
growth_scale = SubResource("Curve_jkv2x")
stump_prefabs = Array[PackedScene]([ExtResource("2_jkv2x"), ExtResource("3_jbj1t"), ExtResource("1_o5qli")])
branch_prefabs = Array[PackedScene]([ExtResource("5_muem4"), ExtResource("6_dp3eg"), ExtResource("7_0ld40"), ExtResource("8_gqmmt"), ExtResource("9_yc10j"), ExtResource("10_jscy8"), ExtResource("11_pm3ni"), ExtResource("12_y6deb"), ExtResource("13_og1vs"), ExtResource("14_2wyq8")])
leaf_cluster_prefabs = Array[PackedScene]([ExtResource("23_2wyq8")])
growth = 0.376
secs_to_full_grown = 20.0

[node name="stump" type="Node3D" parent="tree" groups=["tree_part"] instance=ExtResource("3_jbj1t")]
transform = Transform3D(0.541302, 0, 0, 0, 0.688927, 0, 0, 0, 0.541302, 0, 0, 0)
top_level = true
script = ExtResource("24_2f3dj")
stump = true
matter = 2.9

[node name="connector_2" type="Node3D" parent="tree/stump" groups=["connector"]]
transform = Transform3D(0.994998, -0.0994622, -0.00926535, 0.0998928, 0.990709, 0.092289, 2.33207e-10, -0.0927529, 0.995689, 1.49012e-08, 1.73418, 0)
script = ExtResource("17_muem4")

[node name="branch" type="Node3D" parent="tree/stump/connector_2" groups=["tree_part"] instance=ExtResource("11_pm3ni")]
transform = Transform3D(0.675089, -0.0804829, -0.00630072, 0.0679301, 0.801329, 0.0431393, 0.00195405, -0.0518032, 0.677099, 8.06606e-09, 1.19472, 0)
top_level = true
script = ExtResource("24_2f3dj")
matter = 2.5

[node name="connector_14" type="Node3D" parent="tree/stump/connector_2/branch" groups=["connector"]]
transform = Transform3D(0.985762, 0.165961, -0.0270165, -0.168145, 0.972955, -0.158386, -1.86265e-09, 0.160674, 0.987008, -0.00566167, 2.96503, 0)
script = ExtResource("17_muem4")

[node name="branch" type="Node3D" parent="tree/stump/connector_2/branch/connector_14" groups=["tree_part"] instance=ExtResource("5_muem4")]
transform = Transform3D(0.413846, 0.04903, -0.00716219, -0.0350252, 0.585398, -0.0357927, 0.004134, 0.0514918, 0.413739, -0.242456, 3.5703, -0.153609)
top_level = true
script = ExtResource("24_2f3dj")
matter = 2.2

[node name="connector_20" type="Node3D" parent="tree/stump/connector_2/branch/connector_14/branch" groups=["connector"]]
transform = Transform3D(0.991794, -0.125465, -0.024542, 0.123661, 0.990208, -0.0647821, 0.0324295, 0.0612156, 0.997598, 0.0112266, 3.43053, -0.0382116)
script = ExtResource("17_muem4")

[node name="branch" type="Node3D" parent="tree/stump/connector_2/branch/connector_14/branch/connector_20" groups=["tree_part"] instance=ExtResource("6_dp3eg")]
transform = Transform3D(0.0620403, -0.00627779, -0.00310247, 0.00388633, 0.0944742, -0.00453026, 0.00338782, 0.00658774, 0.0620116, -0.0693377, 5.5795, 0.00727174)
top_level = true
script = ExtResource("24_2f3dj")
matter = 1.7

[node name="connector_31" type="Node3D" parent="tree/stump/connector_2/branch/connector_14/branch/connector_20/branch" groups=["connector"]]
transform = Transform3D(0.991794, -0.118916, -0.0469328, 0.123661, 0.985493, 0.116238, 0.0324295, -0.121088, 0.992112, -0.0176945, 0.993458, 0.0150529)
script = ExtResource("17_muem4")

[node name="branch" type="Node3D" parent="tree/stump/connector_2/branch/connector_14/branch/connector_20/branch/connector_31" groups=["tree_part"] instance=ExtResource("8_gqmmt")]
transform = Transform3D(0, 0, 0, 0, 0, 0, 0, 0, 0, -0.0767189, 5.67322, 0.0146899)
top_level = true
script = ExtResource("24_2f3dj")
matter = 1.5

[node name="leaf_connector_32" type="Node3D" parent="tree/stump/connector_2/branch/connector_14/branch/connector_20/branch/connector_31/branch" groups=["leaf_cluster_connector"]]
transform = Transform3D(1, 0, 0, 0, 0.643135, -0.765753, 0, 0.765753, 0.643135, 2.72561e-08, 1.81487, -0.0911098)
script = ExtResource("26_2f3dj")

[node name="leaf_connector_34" type="Node3D" parent="tree/stump/connector_2/branch/connector_14/branch/connector_20/branch/connector_31/branch" groups=["leaf_cluster_connector"]]
transform = Transform3D(-0.915971, 0.307254, 0.258054, 0.0741605, 0.761693, -0.64368, -0.394332, -0.570455, -0.720475, -0.157901, 1.00561, 0.00813886)
script = ExtResource("26_2f3dj")

[node name="leaf_connector_33" type="Node3D" parent="tree/stump/connector_2/branch/connector_14/branch/connector_20/branch/connector_31/branch" groups=["leaf_cluster_connector"]]
transform = Transform3D(-0.205257, -0.103656, -0.973204, -0.0240054, 0.99461, -0.100872, 0.978414, 0.00265753, -0.206639, -0.143978, 1.78469, -0.0729715)
script = ExtResource("26_2f3dj")

[node name="leaf_connector_21" type="Node3D" parent="tree/stump/connector_2/branch/connector_14/branch/connector_20/branch" groups=["leaf_cluster_connector"]]
transform = Transform3D(1, 0, 0, 0, 0.643135, -0.765753, 0, 0.765753, 0.643135, 0, 0.677188, 0.0499388)
script = ExtResource("26_2f3dj")

[node name="leaf_connector_23" type="Node3D" parent="tree/stump/connector_2/branch/connector_14/branch/connector_20/branch" groups=["leaf_cluster_connector"]]
transform = Transform3D(-0.915971, 0.307254, 0.258054, 0.0741605, 0.761693, -0.64368, -0.394332, -0.570455, -0.720475, -0.0812735, 0.872338, -0.194919)
script = ExtResource("26_2f3dj")

[node name="leaf_connector_22" type="Node3D" parent="tree/stump/connector_2/branch/connector_14/branch/connector_20/branch" groups=["leaf_cluster_connector"]]
transform = Transform3D(-0.205257, -0.103656, -0.973204, -0.0240054, 0.99461, -0.100872, 0.978414, 0.00265753, -0.206639, 0.0896554, 1.05404, -0.041886)
script = ExtResource("26_2f3dj")

[node name="connector_28" type="Node3D" parent="tree/stump/connector_2/branch/connector_14/branch" groups=["connector"]]
transform = Transform3D(0.959979, 0.278995, -0.024542, -0.280019, 0.957807, -0.0647821, 0.0054326, 0.0690617, 0.997598, 0.0976302, 1.79542, 0.0464416)
script = ExtResource("17_muem4")

[node name="branch" type="Node3D" parent="tree/stump/connector_2/branch/connector_14/branch/connector_28" groups=["tree_part"] instance=ExtResource("7_0ld40")]
transform = Transform3D(0.0585677, 0.0318263, -0.00310247, -0.0210588, 0.0890488, -0.00453026, 0.00139172, 0.00809776, 0.0620116, -0.114356, 4.61626, -0.0415415)
top_level = true
script = ExtResource("24_2f3dj")
matter = 2.1

[node name="connector_38" type="Node3D" parent="tree/stump/connector_2/branch/connector_14/branch/connector_28/branch" groups=["connector"]]
transform = Transform3D(0.991794, -0.125465, -0.024542, 0.123661, 0.990208, -0.0647821, 0.0324295, 0.0612156, 0.997598, -0.0256607, 1.39714, -0.0103516)
script = ExtResource("17_muem4")

[node name="branch" type="Node3D" parent="tree/stump/connector_2/branch/connector_14/branch/connector_28/branch/connector_38" groups=["tree_part"] instance=ExtResource("12_y6deb")]
transform = Transform3D(0, 0, 0, 0, 0, 0, 0, 0, 0, -0.0713608, 4.74126, -0.0309054)
top_level = true
script = ExtResource("24_2f3dj")
matter = 1.9

[node name="leaf_connector_39" type="Node3D" parent="tree/stump/connector_2/branch/connector_14/branch/connector_28/branch/connector_38/branch" groups=["leaf_cluster_connector"]]
transform = Transform3D(-0.915971, 0.307254, 0.258054, 0.0741605, 0.761693, -0.64368, -0.394332, -0.570455, -0.720475, -0.0178155, 1.49812, -0.224632)
script = ExtResource("26_2f3dj")

[node name="leaf_connector_40" type="Node3D" parent="tree/stump/connector_2/branch/connector_14/branch/connector_28/branch/connector_38/branch" groups=["leaf_cluster_connector"]]
transform = Transform3D(-0.205257, -0.103656, -0.973204, -0.0240054, 0.99461, -0.100872, 0.978414, 0.00265753, -0.206639, 0.00264037, 1.43799, 0.202879)
script = ExtResource("26_2f3dj")

[node name="leaf_connector_29" type="Node3D" parent="tree/stump/connector_2/branch/connector_14/branch/connector_28/branch" groups=["leaf_cluster_connector"]]
transform = Transform3D(1, 0, 0, 0, 0.643135, -0.765753, 0, 0.765753, 0.643135, 0, 1.47139, -0.0388771)
script = ExtResource("26_2f3dj")

[node name="leaf_connector_30" type="Node3D" parent="tree/stump/connector_2/branch/connector_14/branch/connector_28/branch" groups=["leaf_cluster_connector"]]
transform = Transform3D(-0.797442, -0.103656, -0.594425, -0.0847034, 0.99461, -0.0598066, 0.59742, 0.00265752, -0.801924, -0.115252, 0.726199, -0.0929159)
script = ExtResource("26_2f3dj")

[node name="leaf_connector_16" type="Node3D" parent="tree/stump/connector_2/branch/connector_14/branch" groups=["leaf_cluster_connector"]]
transform = Transform3D(1, 0, 0, 0, 0.643135, -0.765753, 0, 0.765753, 0.643135, 0, 3.44076, -0.0741475)
script = ExtResource("26_2f3dj")

[node name="leaf_connector_15" type="Node3D" parent="tree/stump/connector_2/branch/connector_14/branch" groups=["leaf_cluster_connector"]]
transform = Transform3D(-0.915971, 0.307254, 0.258054, 0.0741605, 0.761693, -0.64368, -0.394332, -0.570455, -0.720475, 0, 3.52581, 0.115324)
script = ExtResource("26_2f3dj")

[node name="leaf_connector_17" type="Node3D" parent="tree/stump/connector_2/branch/connector_14/branch" groups=["leaf_cluster_connector"]]
transform = Transform3D(-0.205257, -0.103656, -0.973204, -0.0240054, 0.99461, -0.100872, 0.978414, 0.00265753, -0.206639, 0.138204, 2.06471, -0.0069038)
script = ExtResource("26_2f3dj")

[node name="connector_4" type="Node3D" parent="tree/stump/connector_2/branch" groups=["connector"]]
transform = Transform3D(0.876822, -0.435524, -0.203719, 0.470409, 0.864711, 0.176041, 0.0994874, -0.250188, 0.963073, -0.0549002, 1.84033, -0.0424069)
script = ExtResource("17_muem4")

[node name="branch" type="Node3D" parent="tree/stump/connector_2/branch/connector_4" groups=["tree_part"] instance=ExtResource("5_muem4")]
transform = Transform3D(0.343604, -0.300912, -0.0976132, 0.229163, 0.481643, 0.0700997, 0.0439561, -0.158801, 0.39758, -0.18491, 2.66387, -0.124156)
top_level = true
script = ExtResource("24_2f3dj")
matter = 2.2

[node name="connector_18" type="Node3D" parent="tree/stump/connector_2/branch/connector_4/branch" groups=["connector"]]
transform = Transform3D(0.991794, -0.125465, -0.024542, 0.123661, 0.990208, -0.0647821, 0.0324295, 0.0612156, 0.997598, 0.0112266, 3.43053, -0.0382116)
script = ExtResource("17_muem4")

[node name="branch" type="Node3D" parent="tree/stump/connector_2/branch/connector_4/branch/connector_18" groups=["tree_part"] instance=ExtResource("12_y6deb")]
transform = Transform3D(0.0515423, -0.0494355, -0.0129442, 0.033502, 0.0799344, 0.00206094, 0.00982814, -0.0132215, 0.0608587, -1.20961, 4.31606, -0.683626)
top_level = true
script = ExtResource("24_2f3dj")
matter = 1.9

[node name="connector_24" type="Node3D" parent="tree/stump/connector_2/branch/connector_4/branch/connector_18/branch" groups=["connector"]]
transform = Transform3D(0.997612, 0.0645515, -0.024542, -0.0660227, 0.995713, -0.0647821, 0.0202549, 0.0662477, 0.997598, -0.0431688, 1.53226, 0.0354956)
script = ExtResource("17_muem4")

[node name="branch" type="Node3D" parent="tree/stump/connector_2/branch/connector_4/branch/connector_18/branch/connector_24" groups=["tree_part"] instance=ExtResource("6_dp3eg")]
transform = Transform3D(0, 0, 0, 0, 0, 0, 0, 0, 0, -1.28804, 4.43717, -0.702149)
top_level = true
script = ExtResource("24_2f3dj")
matter = 1.7

[node name="leaf_connector_25" type="Node3D" parent="tree/stump/connector_2/branch/connector_4/branch/connector_18/branch/connector_24/branch" groups=["leaf_cluster_connector"]]
transform = Transform3D(1, 0, 0, 0, 0.643135, -0.765753, 0, 0.765753, 0.643135, 0, 0.677188, 0.0499388)
script = ExtResource("26_2f3dj")

[node name="connector_26" type="Node3D" parent="tree/stump/connector_2/branch/connector_4/branch/connector_18/branch" groups=["connector"]]
transform = Transform3D(0.905208, -0.375815, -0.198394, 0.422053, 0.849595, 0.316321, 0.0496764, -0.370069, 0.927676, -0.02418, 0.867087, -0.0728135)
script = ExtResource("17_muem4")

[node name="branch" type="Node3D" parent="tree/stump/connector_2/branch/connector_4/branch/connector_18/branch/connector_26" groups=["tree_part"] instance=ExtResource("6_dp3eg")]
transform = Transform3D(0, 0, 0, 0, 0, 0, 0, 0, 0, -1.25278, 4.38441, -0.69976)
top_level = true
script = ExtResource("24_2f3dj")
matter = 1.7

[node name="leaf_connector_27" type="Node3D" parent="tree/stump/connector_2/branch/connector_4/branch/connector_18/branch/connector_26/branch" groups=["leaf_cluster_connector"]]
transform = Transform3D(-0.915971, 0.307254, 0.258054, 0.0741605, 0.761693, -0.64368, -0.394332, -0.570455, -0.720475, -0.0812735, 0.872338, -0.194919)
script = ExtResource("26_2f3dj")

[node name="leaf_connector_19" type="Node3D" parent="tree/stump/connector_2/branch/connector_4/branch/connector_18/branch" groups=["leaf_cluster_connector"]]
transform = Transform3D(-0.915971, 0.307254, 0.258054, 0.0741605, 0.761693, -0.64368, -0.394332, -0.570455, -0.720475, -0.0178155, 1.49812, -0.224632)
script = ExtResource("26_2f3dj")

[node name="connector_7" type="Node3D" parent="tree/stump/connector_2/branch/connector_4/branch" groups=["connector"]]
transform = Transform3D(0.959979, 0.278995, -0.024542, -0.280019, 0.957807, -0.0647821, 0.0054326, 0.0690617, 0.997598, 0.0976302, 1.79542, 0.0464416)
script = ExtResource("17_muem4")

[node name="branch" type="Node3D" parent="tree/stump/connector_2/branch/connector_4/branch/connector_7" groups=["tree_part"] instance=ExtResource("7_0ld40")]
transform = Transform3D(0.0601834, -0.0141376, -0.0129442, 0.00990789, 0.093649, 0.00206094, 0.012465, -0.00617834, 0.0608587, -0.696162, 3.55426, -0.386515)
top_level = true
script = ExtResource("24_2f3dj")
matter = 2.1

[node name="connector_35" type="Node3D" parent="tree/stump/connector_2/branch/connector_4/branch/connector_7/branch" groups=["connector"]]
transform = Transform3D(0.991794, -0.125465, -0.024542, 0.123661, 0.990208, -0.0647821, 0.0324295, 0.0612156, 0.997598, -0.0256607, 1.39714, -0.0103516)
script = ExtResource("17_muem4")

[node name="branch" type="Node3D" parent="tree/stump/connector_2/branch/connector_4/branch/connector_7/branch/connector_35" groups=["tree_part"] instance=ExtResource("6_dp3eg")]
transform = Transform3D(0, 0, 0, 0, 0, 0, 0, 0, 0, -0.717324, 3.68482, -0.396097)
top_level = true
script = ExtResource("24_2f3dj")
matter = 1.7

[node name="leaf_connector_37" type="Node3D" parent="tree/stump/connector_2/branch/connector_4/branch/connector_7/branch/connector_35/branch" groups=["leaf_cluster_connector"]]
transform = Transform3D(-0.915971, 0.307254, 0.258054, 0.0741605, 0.761693, -0.64368, -0.394332, -0.570455, -0.720475, -0.0812735, 0.872338, -0.194919)
script = ExtResource("26_2f3dj")

[node name="leaf_connector_36" type="Node3D" parent="tree/stump/connector_2/branch/connector_4/branch/connector_7/branch/connector_35/branch" groups=["leaf_cluster_connector"]]
transform = Transform3D(-0.205257, -0.103656, -0.973204, -0.0240054, 0.99461, -0.100872, 0.978414, 0.00265753, -0.206639, 0.0896554, 1.05404, -0.041886)
script = ExtResource("26_2f3dj")

[node name="connector_11" type="Node3D" parent="tree/stump/connector_2/branch/connector_4/branch/connector_7/branch" groups=["connector"]]
transform = Transform3D(0.991794, -0.0985859, -0.0813916, 0.123661, 0.901304, 0.415162, 0.0324295, -0.42182, 0.9061, 0.0522473, 0.792636, -0.0879184)
script = ExtResource("17_muem4")

[node name="branch" type="Node3D" parent="tree/stump/connector_2/branch/connector_4/branch/connector_7/branch/connector_11" groups=["tree_part"] instance=ExtResource("6_dp3eg")]
transform = Transform3D(0, 0, 0, 0, 0, 0, 0, 0, 0, -0.703085, 3.62882, -0.396111)
top_level = true
script = ExtResource("24_2f3dj")
matter = 1.7

[node name="leaf_connector_12" type="Node3D" parent="tree/stump/connector_2/branch/connector_4/branch/connector_7/branch/connector_11/branch" groups=["leaf_cluster_connector"]]
transform = Transform3D(1, 0, 0, 0, 0.643135, -0.765753, 0, 0.765753, 0.643135, 0, 0.677188, 0.0499388)
script = ExtResource("26_2f3dj")

[node name="leaf_connector_13" type="Node3D" parent="tree/stump/connector_2/branch/connector_4/branch/connector_7/branch/connector_11/branch" groups=["leaf_cluster_connector"]]
transform = Transform3D(-0.915971, 0.307254, 0.258054, 0.0741605, 0.761693, -0.64368, -0.394332, -0.570455, -0.720475, -0.0812735, 0.872338, -0.194919)
script = ExtResource("26_2f3dj")

[node name="leaf_connector_9" type="Node3D" parent="tree/stump/connector_2/branch/connector_4/branch/connector_7/branch" groups=["leaf_cluster_connector"]]
transform = Transform3D(1, 0, 0, 0, 0.643135, -0.765753, 0, 0.765753, 0.643135, 0, 1.47139, -0.0388771)
script = ExtResource("26_2f3dj")

[node name="leaf_connector_8" type="Node3D" parent="tree/stump/connector_2/branch/connector_4/branch/connector_7/branch" groups=["leaf_cluster_connector"]]
transform = Transform3D(-0.915971, 0.307254, 0.258054, 0.0741605, 0.761693, -0.64368, -0.394332, -0.570455, -0.720475, -0.0507391, 1.45424, -0.156409)
script = ExtResource("26_2f3dj")

[node name="leaf_connector_10" type="Node3D" parent="tree/stump/connector_2/branch/connector_4/branch/connector_7/branch" groups=["leaf_cluster_connector"]]
transform = Transform3D(-0.797442, -0.103656, -0.594425, -0.0847034, 0.99461, -0.0598066, 0.59742, 0.00265752, -0.801924, -0.115252, 0.726199, -0.0929159)
script = ExtResource("26_2f3dj")

[node name="leaf_connector_6" type="Node3D" parent="tree/stump/connector_2/branch/connector_4/branch" groups=["leaf_cluster_connector"]]
transform = Transform3D(1, 0, 0, 0, 0.643135, -0.765753, 0, 0.765753, 0.643135, 0, 3.44076, -0.0741475)
script = ExtResource("26_2f3dj")

[node name="leaf_connector_5" type="Node3D" parent="tree/stump/connector_2/branch/connector_4/branch" groups=["leaf_cluster_connector"]]
transform = Transform3D(-0.205257, -0.103656, -0.973204, -0.0240054, 0.99461, -0.100872, 0.978414, 0.00265753, -0.206639, 0.138204, 2.06471, -0.0069038)
script = ExtResource("26_2f3dj")

[node name="leaf_connector_3" type="Node3D" parent="tree/stump/connector_2/branch" groups=["leaf_cluster_connector"]]
transform = Transform3D(1, 0, 0, 0, 0.643135, -0.765753, 0, 0.765753, 0.643135, 0, 2.93684, 0.107398)
script = ExtResource("26_2f3dj")

[node name="connector_0" type="Node3D" parent="tree/stump" groups=["connector"]]
transform = Transform3D(0.972586, 0.19177, -0.131529, -0.192798, 0.981226, 0.00499859, 0.130018, 0.0204968, 0.9913, 0.156651, 1.76011, 0.108973)
script = ExtResource("17_muem4")

[node name="branch" type="Node3D" parent="tree/stump/connector_0" groups=["tree_part"] instance=ExtResource("8_gqmmt")]
transform = Transform3D(0.659928, 0.154602, -0.0892431, -0.130814, 0.791879, 0.00233652, 0.0880158, 0.0177622, 0.672602, 0.0847956, 1.21259, 0.0589873)
top_level = true
script = ExtResource("24_2f3dj")
matter = 1.5

[node name="leaf_connector_1" type="Node3D" parent="tree/stump/connector_0/branch" groups=["leaf_cluster_connector"]]
transform = Transform3D(-0.915971, 0.307254, 0.258054, 0.0741605, 0.761693, -0.64368, -0.394332, -0.570455, -0.720475, -0.157901, 1.00561, 0.00813886)
script = ExtResource("26_2f3dj")

[node name="ui" type="Control" parent="."]
layout_mode = 3
anchors_preset = 15
anchor_right = 1.0
anchor_bottom = 1.0
grow_horizontal = 2
grow_vertical = 2

[node name="panel" type="Panel" parent="ui"]
self_modulate = Color(0, 0, 0, 1)
custom_minimum_size = Vector2(175, 0)
layout_mode = 1
anchors_preset = 11
anchor_left = 1.0
anchor_right = 1.0
anchor_bottom = 1.0
grow_horizontal = 0
grow_vertical = 2
theme_override_styles/panel = SubResource("StyleBoxFlat_muem4")

[node name="container" type="VBoxContainer" parent="ui/panel"]
layout_mode = 1
anchors_preset = 15
anchor_right = 1.0
anchor_bottom = 1.0
grow_horizontal = 2
grow_vertical = 2
theme_override_constants/separation = 10

[node name="parameter_panel" type="Panel" parent="ui/panel/container"]
self_modulate = Color(0.612402, 0.38127, 0.335364, 1)
custom_minimum_size = Vector2(0, 98)
layout_mode = 2
theme_override_styles/panel = SubResource("StyleBoxFlat_muem4")

[node name="parameter_container" type="VBoxContainer" parent="ui/panel/container/parameter_panel"]
layout_mode = 1
anchors_preset = 15
anchor_right = 1.0
anchor_bottom = 1.0
grow_horizontal = 2
grow_vertical = 2
alignment = 1

[node name="parameter_sun" parent="ui/panel/container/parameter_panel/parameter_container" instance=ExtResource("17_dp3eg")]
layout_mode = 2
meter = 0.057

[node name="parameter_wind" parent="ui/panel/container/parameter_panel/parameter_container" instance=ExtResource("17_dp3eg")]
layout_mode = 2
meter = 0.035
title_tex = "Wind"

[node name="parameter_water" parent="ui/panel/container/parameter_panel/parameter_container" instance=ExtResource("17_dp3eg")]
layout_mode = 2
meter = -0.05
title_tex = "Water"

[node name="stats" type="Panel" parent="ui/panel/container"]
self_modulate = Color(0.612402, 0.38127, 0.335364, 1)
custom_minimum_size = Vector2(0, 70)
layout_mode = 2
theme_override_styles/panel = SubResource("StyleBoxFlat_muem4")

[node name="margin" type="MarginContainer" parent="ui/panel/container/stats"]
layout_mode = 1
anchors_preset = 15
anchor_right = 1.0
anchor_bottom = 1.0
grow_horizontal = 2
grow_vertical = 2
theme_override_constants/margin_left = 20
theme_override_constants/margin_top = 5
theme_override_constants/margin_right = 20
theme_override_constants/margin_bottom = 5

[node name="container" type="VBoxContainer" parent="ui/panel/container/stats/margin"]
layout_mode = 2
alignment = 1

[node name="stats_text" type="RichTextLabel" parent="ui/panel/container/stats/margin/container"]
layout_mode = 2
theme_override_font_sizes/normal_font_size = 10
bbcode_enabled = true
text = "[color=green]+ sun absorption[/color]
[color=red]- wind resistance[/color]"
fit_content = true
script = ExtResource("23_pm3ni")

[node name="card_panel" type="Panel" parent="ui/panel/container"]
self_modulate = Color(0.612402, 0.38127, 0.335364, 1)
custom_minimum_size = Vector2(0, 136)
layout_mode = 2
theme_override_styles/panel = SubResource("StyleBoxFlat_muem4")

[node name="margin" type="MarginContainer" parent="ui/panel/container/card_panel"]
layout_mode = 1
anchors_preset = 15
anchor_right = 1.0
anchor_bottom = 1.0
grow_horizontal = 2
grow_vertical = 2
theme_override_constants/margin_left = -80

[node name="card_panel" type="Panel" parent="ui/panel/container/card_panel/margin"]
self_modulate = Color(0.612402, 0.38127, 0.335364, 1)
custom_minimum_size = Vector2(0, 136)
layout_mode = 2
theme_override_styles/panel = SubResource("StyleBoxFlat_muem4")

[node name="container" type="HBoxContainer" parent="ui/panel/container/card_panel/margin/card_panel"]
layout_mode = 1
anchors_preset = 15
anchor_right = 1.0
anchor_bottom = 1.0
grow_horizontal = 2
grow_vertical = 2
theme_override_constants/separation = 0
