[gd_scene load_steps=5 format=3 uid="uid://cka13oun4dy67"]

[ext_resource type="Script" uid="uid://4jkiu32j3a8p" path="res://scripts/connector.gd" id="1_5wqde"]
[ext_resource type="Script" uid="uid://ceo5p8u1oc2jh" path="res://scripts/tree_part.gd" id="1_egj0t"]
[ext_resource type="Script" uid="uid://b1wsaknt8lgf3" path="res://scripts/leaf_cluster_connector.gd" id="3_8qin0"]

[sub_resource type="CylinderMesh" id="CylinderMesh_0wfyh"]
top_radius = 0.3
bottom_radius = 0.3
height = 1.8

[node name="stump" type="Node3D"]
script = ExtResource("1_egj0t")
stump = true
matter = 2.9

[node name="mesh" type="MeshInstance3D" parent="."]
transform = Transform3D(1, 0, 0, 0, 1, 0, 0, 0, 1, -1.86265e-09, 0.88374, 0)
mesh = SubResource("CylinderMesh_0wfyh")
skeleton = NodePath("../..")

[node name="connector" type="Node3D" parent="."]
transform = Transform3D(0.994998, -0.0994622, -0.00926535, 0.0998928, 0.990709, 0.092289, 2.33207e-10, -0.0927529, 0.995689, 1.49012e-08, 1.73418, 0)
script = ExtResource("1_5wqde")

[node name="connector2" type="Node3D" parent="."]
transform = Transform3D(0.972586, 0.19177, -0.131529, -0.192798, 0.981226, 0.00499859, 0.130018, 0.0204968, 0.9913, 0.156651, 1.76011, 0.108973)
script = ExtResource("1_5wqde")

[node name="leaf_cluster_connector" type="Node3D" parent="." groups=["leaf_cluster_connector"]]
transform = Transform3D(1, 0, 0, 0, 0.643135, -0.765753, 0, 0.765753, 0.643135, -4.76837e-07, 1.77472, 0.311379)
script = ExtResource("3_8qin0")

[node name="leaf_cluster_connector2" type="Node3D" parent="." groups=["leaf_cluster_connector"]]
transform = Transform3D(-0.915971, 0.307254, 0.258054, 0.0741605, 0.761693, -0.64368, -0.394332, -0.570455, -0.720475, 0.0510555, 1.60766, -0.364009)
script = ExtResource("3_8qin0")

[node name="leaf_cluster_connector3" type="Node3D" parent="." groups=["leaf_cluster_connector"]]
transform = Transform3D(-0.205257, -0.103656, -0.973204, -0.0240054, 0.99461, -0.100872, 0.978414, 0.00265753, -0.206639, -0.179552, 1.13303, -0.0964233)
script = ExtResource("3_8qin0")
